380531740 736
380545008 603
380531366 519
380531503 654
380545216 593
380485028 592
380498305 590
380522375 517
380480339 531
380493327 608
380463063 596
380522473 678
380545102 544
380493422 608
380466530 617
380527026 622
380470544 744
380512486 647
380517631 559
380517966 535
380507633 742
380498952 693
380475716 574
380460047 540
380475815 728
380462803 671
380384149 602
380544801 520
380512385 550
380386914 540
380507729 642
380387032 641
380535597 654
380455675 659
380484827 491
380526931 624
380466702 704
380476035 657
380480657 561
380462951 639
380484926 500
380550657 579
380470888 575
380466785 580
380507927 528
380470696 588
380489294 539
380535937 509
380550495 610
380535717 752
380489531 598
380387065 522
380480464 680
380550380 475
380493620 591
380540539 519
380498416 575
380475573 560
380512626 561
380540289 644
380512167 666
380470615 539
380526716 572
380517757 576
380522145 566
380540675 509
380489623 682