380531740 63
380545008 166
380531366 122
380531503 102
380545216 163
380485028 144
380498305 136
380522375 128
380480339 150
380493327 104
380463063 141
380522473 159
380545102 177
380493422 156
380466530 157
380527026 134
380470544 120
380512486 130
380517631 149
380517966 143
380507633 161
380498952 160
380475716 160
380460047 166
380475815 121
380462803 138
380384149 90
380544801 135
380512385 149
380386914 140
380507729 128
380387032 162
380535597 151
380455675 111
380484827 193
380526931 100
380466702 146
380476035 117
380480657 110
380462951 158
380484926 220
380550657 141
380470888 149
380466785 194
380507927 222
380470696 144
380489294 166
380535937 204
380550495 200
380535717 119
380489531 131
380387065 120
380480464 127
380550380 169
380493620 161
380540539 190
380498416 132
380475573 144
380512626 121
380540289 131
380512167 196
380470615 146
380526716 123
380517757 134
380522145 122
380540675 195
380489623 173